12950
1, 2, 2.2352
1, 52, 2.1030
1, 53, 3.2134
2, 1, 2.2352
2, 3, 2.3581
2, 53, 2.1525
2, 52, 3.0062
2, 54, 2.9177
3, 2, 2.3581
3, 4, 2.2684
3, 54, 2.2127
3, 53, 3.2872
3, 55, 3.1197
4, 3, 2.2684
4, 5, 2.0754
4, 55, 2.3114
4, 54, 3.3403
4, 56, 3.1473
5, 4, 2.0754
5, 6, 2.2399
5, 56, 2.2480
5, 55, 3.1964
5, 57, 2.9031
6, 5, 2.2399
6, 7, 2.1006
6, 57, 2.2763
6, 56, 3.0441
6, 58, 3.1448
7, 6, 2.1006
7, 8, 2.0789
7, 58, 2.3139
7, 57, 3.1794
7, 59, 2.9583
8, 7, 2.0789
8, 9, 2.0357
8, 59, 2.3927
8, 58, 3.1945
8, 60, 3.2389
9, 8, 2.0357
9, 10, 2.2459
9, 60, 2.3905
9, 59, 2.9703
9, 61, 2.9874
10, 9, 2.2459
10, 11, 2.2201
10, 61, 2.3823
10, 60, 2.9709
10, 62, 3.1329
11, 10, 2.2201
11, 12, 2.2331
11, 62, 2.1935
11, 61, 3.1008
11, 63, 2.9934
12, 11, 2.2331
12, 13, 2.0726
12, 63, 2.0931
12, 62, 3.1047
12, 64, 3.2043
13, 12, 2.0726
13, 14, 2.0168
13, 64, 2.3802
13, 63, 3.0806
13, 65, 3.0719
14, 13, 2.0168
14, 15, 2.2990
14, 65, 2.0980
14, 64, 3.2486
14, 66, 2.9894
15, 14, 2.2990
15, 16, 2.0246
15, 66, 2.2451
15, 65, 3.0426
15, 67, 3.2916
16, 15, 2.0246
16, 17, 2.0203
16, 67, 2.3531
16, 66, 2.8743
16, 68, 3.3015
17, 16, 2.0203
17, 18, 2.2787
17, 68, 2.2413
17, 67, 3.1190
17, 69, 2.9686
18, 17, 2.2787
18, 19, 2.2817
18, 69, 2.2187
18, 68, 3.3271
18, 70, 2.9045
19, 18, 2.2817
19, 20, 2.3475
19, 70, 2.3924
19, 69, 3.0377
19, 71, 2.9384
20, 19, 2.3475
20, 21, 2.1935
20, 71, 2.1752
20, 70, 2.9187
20, 72, 3.3508
21, 20, 2.1935
21, 22, 2.1680
21, 72, 2.2637
21, 71, 3.0658
21, 73, 3.3576
22, 21, 2.1680
22, 23, 2.2850
22, 73, 2.3810
22, 72, 3.3462
22, 74, 2.9318
23, 22, 2.2850
23, 24, 2.2674
23, 74, 2.0386
23, 73, 3.3852
23, 75, 3.2491
24, 23, 2.2674
24, 25, 2.0853
24, 75, 2.2470
24, 74, 3.0183
24, 76, 3.1863
25, 24, 2.0853
25, 26, 2.2063
25, 76, 2.3148
25, 75, 3.1127
25, 77, 2.9215
26, 25, 2.2063
26, 27, 2.2030
26, 77, 2.3291
26, 76, 3.0710
26, 78, 2.9176
27, 26, 2.2030
27, 28, 2.2700
27, 78, 2.1107
27, 77, 3.0404
27, 79, 3.0529
28, 27, 2.2700
28, 29, 2.0528
28, 79, 2.3865
28, 78, 3.3721
28, 80, 2.8364
29, 28, 2.0528
29, 30, 2.2037
29, 80, 2.0780
29, 79, 3.3110
29, 81, 3.3109
30, 29, 2.2037
30, 31, 2.2297
30, 81, 2.1268
30, 80, 3.0472
30, 82, 3.2611
31, 30, 2.2297
31, 32, 2.2722
31, 82, 2.0501
31, 81, 3.1791
31, 83, 3.2174
32, 31, 2.2722
32, 33, 2.3041
32, 83, 2.0909
32, 82, 2.9553
32, 84, 2.8369
33, 32, 2.3041
33, 34, 2.2341
33, 84, 2.2931
33, 83, 3.3175
33, 85, 2.8730
34, 33, 2.2341
34, 35, 2.1730
34, 85, 2.3219
34, 84, 3.1167
34, 86, 3.0575
35, 34, 2.1730
35, 36, 2.1863
35, 86, 2.1474
35, 85, 3.1464
35, 87, 3.1409
36, 35, 2.1863
36, 37, 2.0730
36, 87, 2.2692
36, 86, 3.1918
36, 88, 3.2902
37, 36, 2.0730
37, 38, 2.1060
37, 88, 2.3197
37, 87, 3.0046
37, 89, 3.2331
38, 37, 2.1060
38, 39, 2.3653
38, 89, 2.2814
38, 88, 2.8776
38, 90, 3.1157
39, 38, 2.3653
39, 40, 2.3105
39, 90, 2.2013
39, 89, 2.8615
39, 91, 3.2063
40, 39, 2.3105
40, 41, 2.1639
40, 91, 2.0004
40, 90, 3.2099
40, 92, 3.0894
41, 40, 2.1639
41, 42, 2.3831
41, 92, 2.1546
41, 91, 2.9756
41, 93, 2.9461
42, 41, 2.3831
42, 43, 2.2539
42, 93, 2.1417
42, 92, 2.9050
42, 94, 2.9510
43, 42, 2.2539
43, 44, 2.2424
43, 94, 2.1775
43, 93, 3.1002
43, 95, 3.3302
44, 43, 2.2424
44, 45, 2.0050
44, 95, 2.2314
44, 94, 2.8660
44, 96, 2.9939
45, 44, 2.0050
45, 46, 2.1948
45, 96, 2.0705
45, 95, 3.1090
45, 97, 3.1802
46, 45, 2.1948
46, 47, 2.2928
46, 97, 2.3951
46, 96, 3.0559
46, 98, 3.3288
47, 46, 2.2928
47, 48, 2.0761
47, 98, 2.2667
47, 97, 3.1053
47, 99, 3.0942
48, 47, 2.0761
48, 49, 2.1539
48, 99, 2.0590
48, 98, 3.2907
48, 100, 2.8908
49, 48, 2.1539
49, 50, 2.3262
49, 100, 2.3282
49, 99, 2.9801
49, 101, 2.8832
50, 49, 2.3262
50, 51, 2.2228
50, 101, 2.3326
50, 100, 3.2114
50, 102, 2.9728
51, 50, 2.2228
51, 102, 2.1094
51, 101, 2.9850
52, 1, 2.1030
52, 53, 2.2905
52, 103, 2.3000
52, 2, 3.0062
52, 104, 3.0275
53, 2, 2.1525
53, 52, 2.2905
53, 54, 2.3815
53, 104, 2.3806
53, 1, 3.2134
53, 3, 3.2872
53, 103, 3.1678
53, 105, 3.2338
54, 3, 2.2127
54, 53, 2.3815
54, 55, 2.3587
54, 105, 2.0457
54, 2, 2.9177
54, 4, 3.3403
54, 104, 3.0744
54, 106, 3.3061
55, 4, 2.3114
55, 54, 2.3587
55, 56, 2.2519
55, 106, 2.3281
55, 3, 3.1197
55, 5, 3.1964
55, 105, 2.8698
55, 107, 3.3827
56, 5, 2.2480
56, 55, 2.2519
56, 57, 2.2879
56, 107, 2.3866
56, 4, 3.1473
56, 6, 3.0441
56, 106, 3.0253
56, 108, 3.1667
57, 6, 2.2763
57, 56, 2.2879
57, 58, 2.1933
57, 108, 2.3323
57, 5, 2.9031
57, 7, 3.1794
57, 107, 2.8688
57, 109, 3.0911
58, 7, 2.3139
58, 57, 2.1933
58, 59, 2.0834
58, 109, 2.2795
58, 6, 3.1448
58, 8, 3.1945
58, 108, 3.2425
58, 110, 2.8739
59, 8, 2.3927
59, 58, 2.0834
59, 60, 2.1595
59, 110, 2.3690
59, 7, 2.9583
59, 9, 2.9703
59, 109, 3.0753
59, 111, 2.9627
60, 9, 2.3905
60, 59, 2.1595
60, 61, 2.0915
60, 111, 2.1085
60, 8, 3.2389
60, 10, 2.9709
60, 110, 3.2867
60, 112, 3.0796
61, 10, 2.3823
61, 60, 2.0915
61, 62, 2.3641
61, 112, 2.1781
61, 9, 2.9874
61, 11, 3.1008
61, 111, 3.0627
61, 113, 3.1624
62, 11, 2.1935
62, 61, 2.3641
62, 63, 2.1776
62, 113, 2.0292
62, 10, 3.1329
62, 12, 3.1047
62, 112, 3.0820
62, 114, 3.3419
63, 12, 2.0931
63, 62, 2.1776
63, 64, 2.2005
63, 114, 2.0665
63, 11, 2.9934
63, 13, 3.0806
63, 113, 2.9373
63, 115, 3.1274
64, 13, 2.3802
64, 63, 2.2005
64, 65, 2.3657
64, 115, 2.0143
64, 12, 3.2043
64, 14, 3.2486
64, 114, 2.9211
64, 116, 2.9166
65, 14, 2.0980
65, 64, 2.3657
65, 66, 2.1954
65, 116, 2.1524
65, 13, 3.0719
65, 15, 3.0426
65, 115, 3.2646
65, 117, 2.9081
66, 15, 2.2451
66, 65, 2.1954
66, 67, 2.2681
66, 117, 2.2300
66, 14, 2.9894
66, 16, 2.8743
66, 116, 3.2917
66, 118, 3.1720
67, 16, 2.3531
67, 66, 2.2681
67, 68, 2.2923
67, 118, 2.2975
67, 15, 3.2916
67, 17, 3.1190
67, 117, 3.1787
67, 119, 2.9688
68, 17, 2.2413
68, 67, 2.2923
68, 69, 2.0579
68, 119, 2.1942
68, 16, 3.3015
68, 18, 3.3271
68, 118, 3.0461
68, 120, 2.8554
69, 18, 2.2187
69, 68, 2.0579
69, 70, 2.0133
69, 120, 2.2525
69, 17, 2.9686
69, 19, 3.0377
69, 119, 3.0035
69, 121, 2.9346
70, 19, 2.3924
70, 69, 2.0133
70, 71, 2.3063
70, 121, 2.2443
70, 18, 2.9045
70, 20, 2.9187
70, 120, 3.2357
70, 122, 3.1645
71, 20, 2.1752
71, 70, 2.3063
71, 72, 2.2891
71, 122, 2.3635
71, 19, 2.9384
71, 21, 3.0658
71, 121, 2.9003
71, 123, 3.2584
72, 21, 2.2637
72, 71, 2.2891
72, 73, 2.0355
72, 123, 2.2731
72, 20, 3.3508
72, 22, 3.3462
72, 122, 3.3427
72, 124, 2.9156
73, 22, 2.3810
73, 72, 2.0355
73, 74, 2.3757
73, 124, 2.3766
73, 21, 3.3576
73, 23, 3.3852
73, 123, 3.0753
73, 125, 2.9675
74, 23, 2.0386
74, 73, 2.3757
74, 75, 2.0286
74, 125, 2.3415
74, 22, 2.9318
74, 24, 3.0183
74, 124, 3.1649
74, 126, 3.1542
75, 24, 2.2470
75, 74, 2.0286
75, 76, 2.1408
75, 126, 2.3459
75, 23, 3.2491
75, 25, 3.1127
75, 125, 2.8667
75, 127, 2.9422
76, 25, 2.3148
76, 75, 2.1408
76, 77, 2.3633
76, 127, 2.0770
76, 24, 3.1863
76, 26, 3.0710
76, 126, 2.9026
76, 128, 3.2669
77, 26, 2.3291
77, 76, 2.3633
77, 78, 2.2855
77, 128, 2.1876
77, 25, 2.9215
77, 27, 3.0404
77, 127, 3.0305
77, 129, 2.9048
78, 27, 2.1107
78, 77, 2.2855
78, 79, 2.0448
78, 129, 2.1931
78, 26, 2.9176
78, 28, 3.3721
78, 128, 3.3522
78, 130, 2.9564
79, 28, 2.3865
79, 78, 2.0448
79, 80, 2.0358
79, 130, 2.2028
79, 27, 3.0529
79, 29, 3.3110
79, 129, 2.9987
79, 131, 3.2668
80, 29, 2.0780
80, 79, 2.0358
80, 81, 2.0029
80, 131, 2.1005
80, 28, 2.8364
80, 30, 3.0472
80, 130, 3.2047
80, 132, 2.9393
81, 30, 2.1268
81, 80, 2.0029
81, 82, 2.3974
81, 132, 2.3025
81, 29, 3.3109
81, 31, 3.1791
81, 131, 3.0142
81, 133, 3.1346
82, 31, 2.0501
82, 81, 2.3974
82, 83, 2.1913
82, 133, 2.0867
82, 30, 3.2611
82, 32, 2.9553
82, 132, 3.2773
82, 134, 3.1895
83, 32, 2.0909
83, 82, 2.1913
83, 84, 2.3058
83, 134, 2.2959
83, 31, 3.2174
83, 33, 3.3175
83, 133, 2.9004
83, 135, 3.2154
84, 33, 2.2931
84, 83, 2.3058
84, 85, 2.2989
84, 135, 2.1432
84, 32, 2.8369
84, 34, 3.1167
84, 134, 2.9363
84, 136, 3.1533
85, 34, 2.3219
85, 84, 2.2989
85, 86, 2.1049
85, 136, 2.1567
85, 33, 2.8730
85, 35, 3.1464
85, 135, 3.0100
85, 137, 2.9812
86, 35, 2.1474
86, 85, 2.1049
86, 87, 2.0019
86, 137, 2.1251
86, 34, 3.0575
86, 36, 3.1918
86, 136, 3.2024
86, 138, 3.1152
87, 36, 2.2692
87, 86, 2.0019
87, 88, 2.3513
87, 138, 2.0304
87, 35, 3.1409
87, 37, 3.0046
87, 137, 3.3740
87, 139, 2.9036
88, 37, 2.3197
88, 87, 2.3513
88, 89, 2.2388
88, 139, 2.1515
88, 36, 3.2902
88, 38, 2.8776
88, 138, 3.0536
88, 140, 3.2743
89, 38, 2.2814
89, 88, 2.2388
89, 90, 2.2153
89, 140, 2.1814
89, 37, 3.2331
89, 39, 2.8615
89, 139, 2.8365
89, 141, 3.0085
90, 39, 2.2013
90, 89, 2.2153
90, 91, 2.1092
90, 141, 2.1608
90, 38, 3.1157
90, 40, 3.2099
90, 140, 2.9585
90, 142, 3.2150
91, 40, 2.0004
91, 90, 2.1092
91, 92, 2.1458
91, 142, 2.0771
91, 39, 3.2063
91, 41, 2.9756
91, 141, 2.8966
91, 143, 3.1971
92, 41, 2.1546
92, 91, 2.1458
92, 93, 2.1248
92, 143, 2.0281
92, 40, 3.0894
92, 42, 2.9050
92, 142, 3.1961
92, 144, 3.3086
93, 42, 2.1417
93, 92, 2.1248
93, 94, 2.0405
93, 144, 2.1369
93, 41, 2.9461
93, 43, 3.1002
93, 143, 2.9481
93, 145, 2.8800
94, 43, 2.1775
94, 93, 2.0405
94, 95, 2.1010
94, 145, 2.0828
94, 42, 2.9510
94, 44, 2.8660
94, 144, 3.1769
94, 146, 3.3329
95, 44, 2.2314
95, 94, 2.1010
95, 96, 2.2866
95, 146, 2.3461
95, 43, 3.3302
95, 45, 3.1090
95, 145, 3.3026
95, 147, 2.8395
96, 45, 2.0705
96, 95, 2.2866
96, 97, 2.1325
96, 147, 2.0225
96, 44, 2.9939
96, 46, 3.0559
96, 146, 3.2089
96, 148, 2.9631
97, 46, 2.3951
97, 96, 2.1325
97, 98, 2.1900
97, 148, 2.0220
97, 45, 3.1802
97, 47, 3.1053
97, 147, 3.3039
97, 149, 3.1678
98, 47, 2.2667
98, 97, 2.1900
98, 99, 2.1118
98, 149, 2.3860
98, 46, 3.3288
98, 48, 3.2907
98, 148, 2.8781
98, 150, 2.8550
99, 48, 2.0590
99, 98, 2.1118
99, 100, 2.2471
99, 150, 2.3874
99, 47, 3.0942
99, 49, 2.9801
99, 149, 2.8999
99, 151, 3.0385
100, 49, 2.3282
100, 99, 2.2471
100, 101, 2.1095
100, 151, 2.0516
100, 48, 2.8908
100, 50, 3.2114
100, 150, 3.0468
100, 152, 3.0056
101, 50, 2.3326
101, 100, 2.1095
101, 102, 2.3418
101, 152, 2.3173
101, 49, 2.8832
101, 51, 2.9850
101, 151, 3.1813
101, 153, 3.1408
102, 51, 2.1094
102, 101, 2.3418
102, 153, 2.0946
102, 50, 2.9728
102, 152, 2.9626
103, 52, 2.3000
103, 104, 2.1223
103, 154, 2.0895
103, 53, 3.1678
103, 155, 2.9195
104, 53, 2.3806
104, 103, 2.1223
104, 105, 2.3562
104, 155, 2.3105
104, 52, 3.0275
104, 54, 3.0744
104, 154, 3.3259
104, 156, 3.2813
105, 54, 2.0457
105, 104, 2.3562
105, 106, 2.0334
105, 156, 2.0652
105, 53, 3.2338
105, 55, 2.8698
105, 155, 2.8432
105, 157, 3.0108
106, 55, 2.3281
106, 105, 2.0334
106, 107, 2.0819
106, 157, 2.2110
106, 54, 3.3061
106, 56, 3.0253
106, 156, 2.8476
106, 158, 2.9176
107, 56, 2.3866
107, 106, 2.0819
107, 108, 2.2416
107, 158, 2.2317
107, 55, 3.3827
107, 57, 2.8688
107, 157, 3.1341
107, 159, 3.3693
108, 57, 2.3323
108, 107, 2.2416
108, 109, 2.2524
108, 159, 2.2400
108, 56, 3.1667
108, 58, 3.2425
108, 158, 2.8556
108, 160, 2.9561
109, 58, 2.2795
109, 108, 2.2524
109, 110, 2.1433
109, 160, 2.2944
109, 57, 3.0911
109, 59, 3.0753
109, 159, 3.1271
109, 161, 3.2299
110, 59, 2.3690
110, 109, 2.1433
110, 111, 2.1983
110, 161, 2.3176
110, 58, 2.8739
110, 60, 3.2867
110, 160, 2.9454
110, 162, 3.3612
111, 60, 2.1085
111, 110, 2.1983
111, 112, 2.2626
111, 162, 2.0973
111, 59, 2.9627
111, 61, 3.0627
111, 161, 2.9865
111, 163, 2.8819
112, 61, 2.1781
112, 111, 2.2626
112, 113, 2.2721
112, 163, 2.3724
112, 60, 3.0796
112, 62, 3.0820
112, 162, 3.1525
112, 164, 3.3436
113, 62, 2.0292
113, 112, 2.2721
113, 114, 2.2552
113, 164, 2.3888
113, 61, 3.1624
113, 63, 2.9373
113, 163, 3.1890
113, 165, 3.2814
114, 63, 2.0665
114, 113, 2.2552
114, 115, 2.3517
114, 165, 2.3827
114, 62, 3.3419
114, 64, 2.9211
114, 164, 3.0041
114, 166, 3.1703
115, 64, 2.0143
115, 114, 2.3517
115, 116, 2.1097
115, 166, 2.0292
115, 63, 3.1274
115, 65, 3.2646
115, 165, 2.9106
115, 167, 3.0126
116, 65, 2.1524
116, 115, 2.1097
116, 117, 2.2208
116, 167, 2.0711
116, 64, 2.9166
116, 66, 3.2917
116, 166, 3.1429
116, 168, 3.2044
117, 66, 2.2300
117, 116, 2.2208
117, 118, 2.2175
117, 168, 2.3512
117, 65, 2.9081
117, 67, 3.1787
117, 167, 2.8743
117, 169, 2.8438
118, 67, 2.2975
118, 117, 2.2175
118, 119, 2.2629
118, 169, 2.0682
118, 66, 3.1720
118, 68, 3.0461
118, 168, 3.1036
118, 170, 3.1606
119, 68, 2.1942
119, 118, 2.2629
119, 120, 2.1256
119, 170, 2.1433
119, 67, 2.9688
119, 69, 3.0035
119, 169, 3.3788
119, 171, 2.8938
120, 69, 2.2525
120, 119, 2.1256
120, 121, 2.3582
120, 171, 2.3378
120, 68, 2.8554
120, 70, 3.2357
120, 170, 2.8972
120, 172, 2.9145
121, 70, 2.2443
121, 120, 2.3582
121, 122, 2.3009
121, 172, 2.0707
121, 69, 2.9346
121, 71, 2.9003
121, 171, 3.1658
121, 173, 3.0883
122, 71, 2.3635
122, 121, 2.3009
122, 123, 2.3122
122, 173, 2.3072
122, 70, 3.1645
122, 72, 3.3427
122, 172, 3.1452
122, 174, 3.3204
123, 72, 2.2731
123, 122, 2.3122
123, 124, 2.0885
123, 174, 2.3238
123, 71, 3.2584
123, 73, 3.0753
123, 173, 2.9100
123, 175, 3.1536
124, 73, 2.3766
124, 123, 2.0885
124, 125, 2.1535
124, 175, 2.2602
124, 72, 2.9156
124, 74, 3.1649
124, 174, 3.1379
124, 176, 3.0450
125, 74, 2.3415
125, 124, 2.1535
125, 126, 2.0611
125, 176, 2.0907
125, 73, 2.9675
125, 75, 2.8667
125, 175, 3.0065
125, 177, 2.8900
126, 75, 2.3459
126, 125, 2.0611
126, 127, 2.1398
126, 177, 2.1494
126, 74, 3.1542
126, 76, 2.9026
126, 176, 2.9913
126, 178, 3.3586
127, 76, 2.0770
127, 126, 2.1398
127, 128, 2.3932
127, 178, 2.3659
127, 75, 2.9422
127, 77, 3.0305
127, 177, 2.9788
127, 179, 2.8679
128, 77, 2.1876
128, 127, 2.3932
128, 129, 2.1346
128, 179, 2.3538
128, 76, 3.2669
128, 78, 3.3522
128, 178, 2.8330
128, 180, 2.9118
129, 78, 2.1931
129, 128, 2.1346
129, 130, 2.1154
129, 180, 2.0531
129, 77, 2.9048
129, 79, 2.9987
129, 179, 2.8516
129, 181, 3.3388
130, 79, 2.2028
130, 129, 2.1154
130, 131, 2.3860
130, 181, 2.1697
130, 78, 2.9564
130, 80, 3.2047
130, 180, 2.9157
130, 182, 3.3881
131, 80, 2.1005
131, 130, 2.3860
131, 132, 2.2794
131, 182, 2.2737
131, 79, 3.2668
131, 81, 3.0142
131, 181, 3.0527
131, 183, 3.3890
132, 81, 2.3025
132, 131, 2.2794
132, 133, 2.3640
132, 183, 2.0585
132, 80, 2.9393
132, 82, 3.2773
132, 182, 3.0740
132, 184, 3.0589
133, 82, 2.0867
133, 132, 2.3640
133, 134, 2.3758
133, 184, 2.1575
133, 81, 3.1346
133, 83, 2.9004
133, 183, 3.2803
133, 185, 2.8299
134, 83, 2.2959
134, 133, 2.3758
134, 135, 2.2085
134, 185, 2.2846
134, 82, 3.1895
134, 84, 2.9363
134, 184, 2.9541
134, 186, 2.9918
135, 84, 2.1432
135, 134, 2.2085
135, 136, 2.3214
135, 186, 2.3578
135, 83, 3.2154
135, 85, 3.0100
135, 185, 3.2875
135, 187, 3.2010
136, 85, 2.1567
136, 135, 2.3214
136, 137, 2.3949
136, 187, 2.2693
136, 84, 3.1533
136, 86, 3.2024
136, 186, 2.9429
136, 188, 2.9102
137, 86, 2.1251
137, 136, 2.3949
137, 138, 2.0805
137, 188, 2.0396
137, 85, 2.9812
137, 87, 3.3740
137, 187, 3.1810
137, 189, 3.2129
138, 87, 2.0304
138, 137, 2.0805
138, 139, 2.1279
138, 189, 2.0729
138, 86, 3.1152
138, 88, 3.0536
138, 188, 3.3450
138, 190, 2.8943
139, 88, 2.1515
139, 138, 2.1279
139, 140, 2.3899
139, 190, 2.0827
139, 87, 2.9036
139, 89, 2.8365
139, 189, 3.3468
139, 191, 3.2069
140, 89, 2.1814
140, 139, 2.3899
140, 141, 2.0898
140, 191, 2.0605
140, 88, 3.2743
140, 90, 2.9585
140, 190, 3.2343
140, 192, 2.8840
141, 90, 2.1608
141, 140, 2.0898
141, 142, 2.2242
141, 192, 2.2105
141, 89, 3.0085
141, 91, 2.8966
141, 191, 2.9524
141, 193, 3.2057
142, 91, 2.0771
142, 141, 2.2242
142, 143, 2.1809
142, 193, 2.1961
142, 90, 3.2150
142, 92, 3.1961
142, 192, 3.0930
143, 92, 2.0281
143, 142, 2.1809
143, 144, 2.3095
143, 91, 3.1971
143, 93, 2.9481
143, 193, 3.0336
144, 93, 2.1369
144, 143, 2.3095
144, 145, 2.2862
144, 92, 3.3086
144, 94, 3.1769
145, 94, 2.0828
145, 144, 2.2862
145, 146, 2.0629
145, 93, 2.8800
145, 95, 3.3026
146, 95, 2.3461
146, 145, 2.0629
146, 147, 2.1994
146, 94, 3.3329
146, 96, 3.2089
147, 96, 2.0225
147, 146, 2.1994
147, 148, 2.0786
147, 95, 2.8395
147, 97, 3.3039
148, 97, 2.0220
148, 147, 2.0786
148, 149, 2.0732
148, 96, 2.9631
148, 98, 2.8781
149, 98, 2.3860
149, 148, 2.0732
149, 150, 2.2709
149, 97, 3.1678
149, 99, 2.8999
150, 99, 2.3874
150, 149, 2.2709
150, 151, 2.3588
150, 98, 2.8550
150, 100, 3.0468
150, 194, 3.1691
151, 100, 2.0516
151, 150, 2.3588
151, 152, 2.1039
151, 194, 2.2330
151, 99, 3.0385
151, 101, 3.1813
151, 195, 3.0982
152, 101, 2.3173
152, 151, 2.1039
152, 153, 2.3473
152, 195, 2.2703
152, 100, 3.0056
152, 102, 2.9626
152, 194, 3.1720
152, 196, 3.3264
153, 102, 2.0946
153, 152, 2.3473
153, 196, 2.3223
153, 101, 3.1408
153, 195, 3.1673
154, 103, 2.0895
154, 155, 2.0740
154, 197, 2.3727
154, 104, 3.3259
154, 198, 3.2017
155, 104, 2.3105
155, 154, 2.0740
155, 156, 2.2776
155, 198, 2.3217
155, 103, 2.9195
155, 105, 2.8432
155, 197, 3.0432
155, 199, 2.9698
156, 105, 2.0652
156, 155, 2.2776
156, 157, 2.1314
156, 199, 2.3913
156, 104, 3.2813
156, 106, 2.8476
156, 198, 2.9672
156, 200, 3.0506
157, 106, 2.2110
157, 156, 2.1314
157, 158, 2.0106
157, 200, 2.3102
157, 105, 3.0108
157, 107, 3.1341
157, 199, 3.0798
157, 201, 2.8946
158, 107, 2.2317
158, 157, 2.0106
158, 159, 2.3988
158, 201, 2.2716
158, 106, 2.9176
158, 108, 2.8556
158, 200, 3.0785
158, 202, 2.9148
159, 108, 2.2400
159, 158, 2.3988
159, 160, 2.1245
159, 202, 2.2136
159, 107, 3.3693
159, 109, 3.1271
159, 201, 3.0725
159, 203, 3.3327
160, 109, 2.2944
160, 159, 2.1245
160, 161, 2.0610
160, 203, 2.2032
160, 108, 2.9561
160, 110, 2.9454
160, 202, 3.2387
160, 204, 3.2399
161, 110, 2.3176
161, 160, 2.0610
161, 162, 2.3227
161, 204, 2.2768
161, 109, 3.2299
161, 111, 2.9865
161, 203, 3.1351
161, 205, 2.9028
162, 111, 2.0973
162, 161, 2.3227
162, 163, 2.1782
162, 205, 2.1966
162, 110, 3.3612
162, 112, 3.1525
162, 204, 3.2238
162, 206, 3.1268
163, 112, 2.3724
163, 162, 2.1782
163, 164, 2.0903
163, 206, 2.1905
163, 111, 2.8819
163, 113, 3.1890
163, 205, 2.8531
163, 207, 3.2886
164, 113, 2.3888
164, 163, 2.0903
164, 165, 2.0799
164, 207, 2.2093
164, 112, 3.3436
164, 114, 3.0041
164, 206, 3.2405
164, 208, 2.8614
165, 114, 2.3827
165, 164, 2.0799
165, 166, 2.1684
165, 208, 2.0318
165, 113, 3.2814
165, 115, 2.9106
165, 207, 3.1189
165, 209, 3.1486
166, 115, 2.0292
166, 165, 2.1684
166, 167, 2.1175
166, 209, 2.3474
166, 114, 3.1703
166, 116, 3.1429
166, 208, 3.2449
166, 210, 3.2037
167, 116, 2.0711
167, 166, 2.1175
167, 168, 2.3848
167, 210, 2.3552
167, 115, 3.0126
167, 117, 2.8743
167, 209, 3.3536
167, 211, 3.2316
168, 117, 2.3512
168, 167, 2.3848
168, 169, 2.0333
168, 211, 2.1018
168, 116, 3.2044
168, 118, 3.1036
168, 210, 3.0253
168, 212, 3.3356
169, 118, 2.0682
169, 168, 2.0333
169, 170, 2.2876
169, 212, 2.1044
169, 117, 2.8438
169, 119, 3.3788
169, 211, 2.9010
169, 213, 3.2579
170, 119, 2.1433
170, 169, 2.2876
170, 171, 2.3219
170, 213, 2.1056
170, 118, 3.1606
170, 120, 2.8972
170, 212, 3.2810
170, 214, 3.0714
171, 120, 2.3378
171, 170, 2.3219
171, 172, 2.3553
171, 214, 2.3114
171, 119, 2.8938
171, 121, 3.1658
171, 213, 2.9783
171, 215, 2.9467
172, 121, 2.0707
172, 171, 2.3553
172, 173, 2.1504
172, 215, 2.3197
172, 120, 2.9145
172, 122, 3.1452
172, 214, 2.9658
172, 216, 3.2690
173, 122, 2.3072
173, 172, 2.1504
173, 174, 2.1115
173, 216, 2.2071
173, 121, 3.0883
173, 123, 2.9100
173, 215, 2.9777
173, 217, 3.1785
174, 123, 2.3238
174, 173, 2.1115
174, 175, 2.1664
174, 217, 2.1274
174, 122, 3.3204
174, 124, 3.1379
174, 216, 2.9984
174, 218, 3.0905
175, 124, 2.2602
175, 174, 2.1664
175, 176, 2.3289
175, 218, 2.1797
175, 123, 3.1536
175, 125, 3.0065
175, 217, 3.3702
175, 219, 3.0821
176, 125, 2.0907
176, 175, 2.3289
176, 177, 2.0277
176, 219, 2.0765
176, 124, 3.0450
176, 126, 2.9913
176, 218, 3.1436
176, 220, 3.3642
177, 126, 2.1494
177, 176, 2.0277
177, 178, 2.2460
177, 220, 2.3255
177, 125, 2.8900
177, 127, 2.9788
177, 219, 3.1478
177, 221, 3.1327
178, 127, 2.3659
178, 177, 2.2460
178, 179, 2.0036
178, 221, 2.1155
178, 126, 3.3586
178, 128, 2.8330
178, 220, 3.1989
178, 222, 3.3216
179, 128, 2.3538
179, 178, 2.0036
179, 180, 2.2852
179, 222, 2.2936
179, 127, 2.8679
179, 129, 2.8516
179, 221, 3.2549
179, 223, 2.8638
180, 129, 2.0531
180, 179, 2.2852
180, 181, 2.3114
180, 223, 2.0067
180, 128, 2.9118
180, 130, 2.9157
180, 222, 3.0261
180, 224, 3.2062
181, 130, 2.1697
181, 180, 2.3114
181, 182, 2.2330
181, 224, 2.3174
181, 129, 3.3388
181, 131, 3.0527
181, 223, 2.8738
181, 225, 2.8714
182, 131, 2.2737
182, 181, 2.2330
182, 183, 2.1997
182, 225, 2.0700
182, 130, 3.3881
182, 132, 3.0740
182, 224, 2.8784
182, 226, 2.9485
183, 132, 2.0585
183, 182, 2.1997
183, 184, 2.2210
183, 226, 2.0355
183, 131, 3.3890
183, 133, 3.2803
183, 225, 2.8715
183, 227, 3.3601
184, 133, 2.1575
184, 183, 2.2210
184, 185, 2.2032
184, 227, 2.3933
184, 132, 3.0589
184, 134, 2.9541
184, 226, 3.2352
184, 228, 3.2318
185, 134, 2.2846
185, 184, 2.2032
185, 186, 2.1176
185, 228, 2.3780
185, 133, 2.8299
185, 135, 3.2875
185, 227, 3.0579
185, 229, 2.8847
186, 135, 2.3578
186, 185, 2.1176
186, 187, 2.0161
186, 229, 2.1580
186, 134, 2.9918
186, 136, 2.9429
186, 228, 3.1666
186, 230, 2.8347
187, 136, 2.2693
187, 186, 2.0161
187, 188, 2.1202
187, 230, 2.1390
187, 135, 3.2010
187, 137, 3.1810
187, 229, 3.2177
187, 231, 3.0189
188, 137, 2.0396
188, 187, 2.1202
188, 189, 2.0507
188, 231, 2.2132
188, 136, 2.9102
188, 138, 3.3450
188, 230, 3.3399
188, 232, 2.9884
189, 138, 2.0729
189, 188, 2.0507
189, 190, 2.2110
189, 232, 2.3179
189, 137, 3.2129
189, 139, 3.3468
189, 231, 3.0007
189, 233, 2.8367
190, 139, 2.0827
190, 189, 2.2110
190, 191, 2.2980
190, 233, 2.1139
190, 138, 2.8943
190, 140, 3.2343
190, 232, 3.3534
190, 234, 2.8317
191, 140, 2.0605
191, 190, 2.2980
191, 192, 2.1887
191, 234, 2.0551
191, 139, 3.2069
191, 141, 2.9524
191, 233, 2.9900
191, 235, 3.1329
192, 141, 2.2105
192, 191, 2.1887
192, 193, 2.1350
192, 235, 2.3255
192, 140, 2.8840
192, 142, 3.0930
192, 234, 3.1244
192, 236, 2.9337
193, 142, 2.1961
193, 192, 2.1350
193, 236, 2.3522
193, 141, 3.2057
193, 143, 3.0336
193, 235, 2.8599
194, 151, 2.2330
194, 195, 2.2150
194, 237, 2.2526
194, 150, 3.1691
194, 152, 3.1720
194, 238, 3.3265
195, 152, 2.2703
195, 194, 2.2150
195, 196, 2.3017
195, 238, 2.1496
195, 151, 3.0982
195, 153, 3.1673
195, 237, 3.3075
195, 239, 3.1076
196, 153, 2.3223
196, 195, 2.3017
196, 239, 2.0528
196, 152, 3.3264
196, 238, 3.0892
197, 154, 2.3727
197, 198, 2.0461
197, 240, 2.1151
197, 155, 3.0432
197, 241, 3.0576
198, 155, 2.3217
198, 197, 2.0461
198, 199, 2.0280
198, 241, 2.1563
198, 154, 3.2017
198, 156, 2.9672
198, 240, 3.2611
198, 242, 3.3573
199, 156, 2.3913
199, 198, 2.0280
199, 200, 2.3755
199, 242, 2.1240
199, 155, 2.9698
199, 157, 3.0798
199, 241, 3.1948
199, 243, 3.3484
200, 157, 2.3102
200, 199, 2.3755
200, 201, 2.2584
200, 243, 2.0734
200, 156, 3.0506
200, 158, 3.0785
200, 242, 3.3093
200, 244, 3.3819
201, 158, 2.2716
201, 200, 2.2584
201, 202, 2.1300
201, 244, 2.1018
201, 157, 2.8946
201, 159, 3.0725
201, 243, 3.1501
201, 245, 3.2430
202, 159, 2.2136
202, 201, 2.1300
202, 203, 2.2517
202, 245, 2.0110
202, 158, 2.9148
202, 160, 3.2387
202, 244, 2.9957
202, 246, 2.8968
203, 160, 2.2032
203, 202, 2.2517
203, 204, 2.0575
203, 246, 2.2932
203, 159, 3.3327
203, 161, 3.1351
203, 245, 3.0893
203, 247, 3.1303
204, 161, 2.2768
204, 203, 2.0575
204, 205, 2.1157
204, 247, 2.3361
204, 160, 3.2399
204, 162, 3.2238
204, 246, 2.9181
204, 248, 2.8414
205, 162, 2.1966
205, 204, 2.1157
205, 206, 2.2397
205, 248, 2.2594
205, 161, 2.9028
205, 163, 2.8531
205, 247, 3.1050
205, 249, 3.3903
206, 163, 2.1905
206, 205, 2.2397
206, 207, 2.2052
206, 249, 2.1532
206, 162, 3.1268
206, 164, 3.2405
206, 248, 3.1373
207, 164, 2.2093
207, 206, 2.2052
207, 208, 2.0296
207, 163, 3.2886
207, 165, 3.1189
207, 249, 3.2996
208, 165, 2.0318
208, 207, 2.0296
208, 209, 2.1016
208, 164, 2.8614
208, 166, 3.2449
209, 166, 2.3474
209, 208, 2.1016
209, 210, 2.0681
209, 165, 3.1486
209, 167, 3.3536
210, 167, 2.3552
210, 209, 2.0681
210, 211, 2.1886
210, 166, 3.2037
210, 168, 3.0253
211, 168, 2.1018
211, 210, 2.1886
211, 212, 2.0927
211, 167, 3.2316
211, 169, 2.9010
212, 169, 2.1044
212, 211, 2.0927
212, 213, 2.1219
212, 168, 3.3356
212, 170, 3.2810
212, 250, 3.1100
213, 170, 2.1056
213, 212, 2.1219
213, 214, 2.3374
213, 250, 2.3295
213, 169, 3.2579
213, 171, 2.9783
213, 251, 2.8607
214, 171, 2.3114
214, 213, 2.3374
214, 215, 2.0575
214, 251, 2.1027
214, 170, 3.0714
214, 172, 2.9658
214, 250, 3.3316
214, 252, 2.9690
215, 172, 2.3197
215, 214, 2.0575
215, 216, 2.1491
215, 252, 2.1234
215, 171, 2.9467
215, 173, 2.9777
215, 251, 3.0692
215, 253, 2.9004
216, 173, 2.2071
216, 215, 2.1491
216, 217, 2.3108
216, 253, 2.0833
216, 172, 3.2690
216, 174, 2.9984
216, 252, 3.2759
216, 254, 3.3108
217, 174, 2.1274
217, 216, 2.3108
217, 218, 2.0020
217, 254, 2.3293
217, 173, 3.1785
217, 175, 3.3702
217, 253, 2.9888
217, 255, 2.8906
218, 175, 2.1797
218, 217, 2.0020
218, 219, 2.1675
218, 255, 2.0642
218, 174, 3.0905
218, 176, 3.1436
218, 254, 2.8598
218, 256, 3.2614
219, 176, 2.0765
219, 218, 2.1675
219, 220, 2.3443
219, 256, 2.3168
219, 175, 3.0821
219, 177, 3.1478
219, 255, 2.9965
219, 257, 3.3170
220, 177, 2.3255
220, 219, 2.3443
220, 221, 2.2929
220, 257, 2.0244
220, 176, 3.3642
220, 178, 3.1989
220, 256, 3.2059
220, 258, 2.8695
221, 178, 2.1155
221, 220, 2.2929
221, 222, 2.0388
221, 258, 2.2065
221, 177, 3.1327
221, 179, 3.2549
221, 257, 3.2424
221, 259, 2.9892
222, 179, 2.2936
222, 221, 2.0388
222, 223, 2.3939
222, 259, 2.2318
222, 178, 3.3216
222, 180, 3.0261
222, 258, 3.3587
222, 260, 2.9634
223, 180, 2.0067
223, 222, 2.3939
223, 224, 2.3380
223, 260, 2.1807
223, 179, 2.8638
223, 181, 2.8738
223, 259, 2.8637
223, 261, 2.8713
224, 181, 2.3174
224, 223, 2.3380
224, 225, 2.3150
224, 261, 2.0429
224, 180, 3.2062
224, 182, 2.8784
224, 260, 3.3882
224, 262, 3.1109
225, 182, 2.0700
225, 224, 2.3150
225, 226, 2.2964
225, 262, 2.1411
225, 181, 2.8714
225, 183, 2.8715
225, 261, 2.8698
225, 263, 3.2943
226, 183, 2.0355
226, 225, 2.2964
226, 227, 2.0968
226, 263, 2.0226
226, 182, 2.9485
226, 184, 3.2352
226, 262, 2.8615
226, 264, 3.2296
227, 184, 2.3933
227, 226, 2.0968
227, 228, 2.1709
227, 264, 2.2793
227, 183, 3.3601
227, 185, 3.0579
227, 263, 3.3038
227, 265, 3.0417
228, 185, 2.3780
228, 227, 2.1709
228, 229, 2.2131
228, 265, 2.2988
228, 184, 3.2318
228, 186, 3.1666
228, 264, 3.0545
228, 266, 3.2616
229, 186, 2.1580
229, 228, 2.2131
229, 230, 2.1869
229, 266, 2.3529
229, 185, 2.8847
229, 187, 3.2177
229, 265, 2.9840
229, 267, 3.2321
230, 187, 2.1390
230, 229, 2.1869
230, 231, 2.0533
230, 267, 2.1373
230, 186, 2.8347
230, 188, 3.3399
230, 266, 3.1235
230, 268, 3.0155
231, 188, 2.2132
231, 230, 2.0533
231, 232, 2.2779
231, 268, 2.3436
231, 187, 3.0189
231, 189, 3.0007
231, 267, 3.3452
231, 269, 3.3208
232, 189, 2.3179
232, 231, 2.2779
232, 233, 2.3082
232, 269, 2.2989
232, 188, 2.9884
232, 190, 3.3534
232, 268, 3.2268
232, 270, 3.1670
233, 190, 2.1139
233, 232, 2.3082
233, 234, 2.2717
233, 270, 2.1199
233, 189, 2.8367
233, 191, 2.9900
233, 269, 3.1341
233, 271, 3.3526
234, 191, 2.0551
234, 233, 2.2717
234, 235, 2.2822
234, 271, 2.3085
234, 190, 2.8317
234, 192, 3.1244
234, 270, 3.1546
234, 272, 3.3731
235, 192, 2.3255
235, 234, 2.2822
235, 236, 2.0123
235, 272, 2.2114
235, 191, 3.1329
235, 193, 2.8599
235, 271, 2.9799
235, 273, 2.9376
236, 193, 2.3522
236, 235, 2.0123
236, 273, 2.0695
236, 192, 2.9337
236, 272, 2.9325
237, 194, 2.2526
237, 238, 2.1183
237, 274, 2.1510
237, 195, 3.3075
237, 275, 3.1872
238, 195, 2.1496
238, 237, 2.1183
238, 239, 2.1520
238, 275, 2.1856
238, 194, 3.3265
238, 196, 3.0892
238, 274, 3.2559
238, 276, 2.9730
239, 196, 2.0528
239, 238, 2.1520
239, 276, 2.2726
239, 195, 3.1076
239, 275, 2.8514
240, 197, 2.1151
240, 241, 2.1816
240, 277, 2.3188
240, 198, 3.2611
240, 278, 3.1485
241, 198, 2.1563
241, 240, 2.1816
241, 242, 2.2430
241, 278, 2.3007
241, 197, 3.0576
241, 199, 3.1948
241, 277, 3.2099
241, 279, 3.2423
242, 199, 2.1240
242, 241, 2.2430
242, 243, 2.1448
242, 279, 2.3581
242, 198, 3.3573
242, 200, 3.3093
242, 278, 3.3781
242, 280, 2.8348
243, 200, 2.0734
243, 242, 2.1448
243, 244, 2.2181
243, 280, 2.2836
243, 199, 3.3484
243, 201, 3.1501
243, 279, 3.3539
243, 281, 2.8477
244, 201, 2.1018
244, 243, 2.2181
244, 245, 2.3660
244, 281, 2.2312
244, 200, 3.3819
244, 202, 2.9957
244, 280, 2.9079
244, 282, 3.0032
245, 202, 2.0110
245, 244, 2.3660
245, 246, 2.0992
245, 282, 2.0189
245, 201, 3.2430
245, 203, 3.0893
245, 281, 2.9408
245, 283, 2.9971
246, 203, 2.2932
246, 245, 2.0992
246, 247, 2.3958
246, 283, 2.3894
246, 202, 2.8968
246, 204, 2.9181
246, 282, 3.1114
246, 284, 3.1619
247, 204, 2.3361
247, 246, 2.3958
247, 248, 2.2929
247, 284, 2.3982
247, 203, 3.1303
247, 205, 3.1050
247, 283, 3.3670
247, 285, 2.8310
248, 205, 2.2594
248, 247, 2.2929
248, 249, 2.3561
248, 285, 2.0976
248, 204, 2.8414
248, 206, 3.1373
248, 284, 2.8776
248, 286, 3.3361
249, 206, 2.1532
249, 248, 2.3561
249, 286, 2.3596
249, 205, 3.3903
249, 207, 3.2996
249, 285, 2.9756
250, 213, 2.3295
250, 251, 2.2983
250, 287, 2.1594
250, 212, 3.1100
250, 214, 3.3316
250, 288, 3.2177
251, 214, 2.1027
251, 250, 2.2983
251, 252, 2.0009
251, 288, 2.3362
251, 213, 2.8607
251, 215, 3.0692
251, 287, 3.2763
251, 289, 2.9835
252, 215, 2.1234
252, 251, 2.0009
252, 253, 2.3390
252, 289, 2.1207
252, 214, 2.9690
252, 216, 3.2759
252, 288, 2.9090
252, 290, 3.2227
253, 216, 2.0833
253, 252, 2.3390
253, 254, 2.0829
253, 290, 2.0749
253, 215, 2.9004
253, 217, 2.9888
253, 289, 3.0394
253, 291, 3.2328
254, 217, 2.3293
254, 253, 2.0829
254, 255, 2.1698
254, 291, 2.1195
254, 216, 3.3108
254, 218, 2.8598
254, 290, 3.2117
254, 292, 3.0180
255, 218, 2.0642
255, 254, 2.1698
255, 256, 2.3793
255, 292, 2.0459
255, 217, 2.8906
255, 219, 2.9965
255, 291, 3.3451
255, 293, 3.3500
256, 219, 2.3168
256, 255, 2.3793
256, 257, 2.0055
256, 293, 2.0134
256, 218, 3.2614
256, 220, 3.2059
256, 292, 3.1290
256, 294, 3.2457
257, 220, 2.0244
257, 256, 2.0055
257, 258, 2.2774
257, 294, 2.2185
257, 219, 3.3170
257, 221, 3.2424
257, 293, 3.0123
257, 295, 3.1559
258, 221, 2.2065
258, 257, 2.2774
258, 259, 2.3589
258, 295, 2.3561
258, 220, 2.8695
258, 222, 3.3587
258, 294, 3.0003
258, 296, 2.9780
259, 222, 2.2318
259, 258, 2.3589
259, 260, 2.2671
259, 296, 2.1232
259, 221, 2.9892
259, 223, 2.8637
259, 295, 3.1874
259, 297, 3.1454
260, 223, 2.1807
260, 259, 2.2671
260, 261, 2.0399
260, 297, 2.1526
260, 222, 2.9634
260, 224, 3.3882
260, 296, 3.1495
260, 298, 2.8568
261, 224, 2.0429
261, 260, 2.0399
261, 262, 2.1920
261, 298, 2.0093
261, 223, 2.8713
261, 225, 2.8698
261, 297, 3.0772
261, 299, 2.9655
262, 225, 2.1411
262, 261, 2.1920
262, 263, 2.3246
262, 299, 2.1757
262, 224, 3.1109
262, 226, 2.8615
262, 298, 3.3306
262, 300, 2.8874
263, 226, 2.0226
263, 262, 2.3246
263, 264, 2.3748
263, 300, 2.1494
263, 225, 3.2943
263, 227, 3.3038
263, 299, 2.9198
263, 301, 2.8368
264, 227, 2.2793
264, 263, 2.3748
264, 265, 2.1465
264, 301, 2.1720
264, 226, 3.2296
264, 228, 3.0545
264, 300, 3.0697
264, 302, 2.8381
265, 228, 2.2988
265, 264, 2.1465
265, 266, 2.1230
265, 302, 2.1081
265, 227, 3.0417
265, 229, 2.9840
265, 301, 3.3190
265, 303, 3.2346
266, 229, 2.3529
266, 265, 2.1230
266, 267, 2.0920
266, 303, 2.1256
266, 228, 3.2616
266, 230, 3.1235
266, 302, 3.3822
266, 304, 3.3610
267, 230, 2.1373
267, 266, 2.0920
267, 268, 2.3092
267, 304, 2.3325
267, 229, 3.2321
267, 231, 3.3452
267, 303, 2.8600
267, 305, 2.9089
268, 231, 2.3436
268, 267, 2.3092
268, 269, 2.2017
268, 305, 2.2697
268, 230, 3.0155
268, 232, 3.2268
268, 304, 2.9279
268, 306, 3.0491
269, 232, 2.2989
269, 268, 2.2017
269, 270, 2.3674
269, 306, 2.3849
269, 231, 3.3208
269, 233, 3.1341
269, 305, 3.2584
269, 307, 2.8697
270, 233, 2.1199
270, 269, 2.3674
270, 271, 2.1692
270, 307, 2.0712
270, 232, 3.1670
270, 234, 3.1546
270, 306, 2.9755
270, 308, 3.0642
271, 234, 2.3085
271, 270, 2.1692
271, 272, 2.0930
271, 308, 2.0684
271, 233, 3.3526
271, 235, 2.9799
271, 307, 3.0743
271, 309, 2.9557
272, 235, 2.2114
272, 271, 2.0930
272, 273, 2.3790
272, 309, 2.1510
272, 234, 3.3731
272, 236, 2.9325
272, 308, 3.0317
272, 310, 3.3891
273, 236, 2.0695
273, 272, 2.3790
273, 310, 2.1304
273, 235, 2.9376
273, 309, 3.3332
274, 237, 2.1510
274, 275, 2.1480
274, 311, 2.0010
274, 238, 3.2559
274, 312, 3.2589
275, 238, 2.1856
275, 274, 2.1480
275, 276, 2.1707
275, 312, 2.0521
275, 237, 3.1872
275, 239, 2.8514
275, 311, 3.3104
275, 313, 3.0946
276, 239, 2.2726
276, 275, 2.1707
276, 313, 2.0052
276, 238, 2.9730
276, 312, 3.3596
277, 240, 2.3188
277, 278, 2.1509
277, 314, 2.3469
277, 241, 3.2099
277, 315, 3.3222
278, 241, 2.3007
278, 277, 2.1509
278, 279, 2.0087
278, 315, 2.3496
278, 240, 3.1485
278, 242, 3.3781
278, 314, 3.3207
278, 316, 2.8891
279, 242, 2.3581
279, 278, 2.0087
279, 280, 2.3837
279, 316, 2.1659
279, 241, 3.2423
279, 243, 3.3539
279, 315, 3.3472
279, 317, 3.1315
280, 243, 2.2836
280, 279, 2.3837
280, 281, 2.0994
280, 317, 2.3128
280, 242, 2.8348
280, 244, 2.9079
280, 316, 3.1683
280, 318, 2.9436
281, 244, 2.2312
281, 280, 2.0994
281, 282, 2.1505
281, 318, 2.0261
281, 243, 2.8477
281, 245, 2.9408
281, 317, 3.3870
281, 319, 3.1205
282, 245, 2.0189
282, 281, 2.1505
282, 283, 2.3783
282, 319, 2.0868
282, 244, 3.0032
282, 246, 3.1114
282, 318, 3.2169
282, 320, 3.0923
283, 246, 2.3894
283, 282, 2.3783
283, 284, 2.1023
283, 320, 2.3347
283, 245, 2.9971
283, 247, 3.3670
283, 319, 2.9932
283, 321, 2.8941
284, 247, 2.3982
284, 283, 2.1023
284, 285, 2.1530
284, 321, 2.0851
284, 246, 3.1619
284, 248, 2.8776
284, 320, 3.1161
284, 322, 3.1226
285, 248, 2.0976
285, 284, 2.1530
285, 286, 2.3676
285, 322, 2.3781
285, 247, 2.8310
285, 249, 2.9756
285, 321, 3.3660
285, 323, 3.1093
286, 249, 2.3596
286, 285, 2.3676
286, 323, 2.2306
286, 248, 3.3361
286, 322, 3.3885
287, 250, 2.1594
287, 288, 2.2276
287, 324, 2.2456
287, 251, 3.2763
287, 325, 2.9133
288, 251, 2.3362
288, 287, 2.2276
288, 289, 2.1228
288, 325, 2.2905
288, 250, 3.2177
288, 252, 2.9090
288, 324, 3.1475
288, 326, 2.9109
289, 252, 2.1207
289, 288, 2.1228
289, 290, 2.2206
289, 326, 2.2501
289, 251, 2.9835
289, 253, 3.0394
289, 325, 3.2151
289, 327, 3.2095
290, 253, 2.0749
290, 289, 2.2206
290, 291, 2.1176
290, 327, 2.0569
290, 252, 3.2227
290, 254, 3.2117
290, 326, 3.3734
290, 328, 3.1512
291, 254, 2.1195
291, 290, 2.1176
291, 292, 2.0820
291, 328, 2.1055
291, 253, 3.2328
291, 255, 3.3451
291, 327, 2.8798
291, 329, 3.2123
292, 255, 2.0459
292, 291, 2.0820
292, 293, 2.3766
292, 329, 2.0613
292, 254, 3.0180
292, 256, 3.1290
292, 328, 3.2059
292, 330, 3.2706
293, 256, 2.0134
293, 292, 2.3766
293, 294, 2.3605
293, 330, 2.2037
293, 255, 3.3500
293, 257, 3.0123
293, 329, 3.0454
293, 331, 3.2537
294, 257, 2.2185
294, 293, 2.3605
294, 295, 2.1813
294, 331, 2.2282
294, 256, 3.2457
294, 258, 3.0003
294, 330, 3.0114
294, 332, 2.9803
295, 258, 2.3561
295, 294, 2.1813
295, 296, 2.2923
295, 332, 2.0029
295, 257, 3.1559
295, 259, 3.1874
295, 331, 3.1952
295, 333, 2.9441
296, 259, 2.1232
296, 295, 2.2923
296, 297, 2.2618
296, 333, 2.1107
296, 258, 2.9780
296, 260, 3.1495
296, 332, 3.3141
296, 334, 3.0498
297, 260, 2.1526
297, 296, 2.2618
297, 298, 2.2901
297, 334, 2.1130
297, 259, 3.1454
297, 261, 3.0772
297, 333, 3.0500
297, 335, 2.9867
298, 261, 2.0093
298, 297, 2.2901
298, 299, 2.2263
298, 335, 2.1508
298, 260, 2.8568
298, 262, 3.3306
298, 334, 2.9016
298, 336, 2.9147
299, 262, 2.1757
299, 298, 2.2263
299, 300, 2.2830
299, 336, 2.1071
299, 261, 2.9655
299, 263, 2.9198
299, 335, 3.3009
299, 337, 2.9250
300, 263, 2.1494
300, 299, 2.2830
300, 301, 2.2708
300, 337, 2.0972
300, 262, 2.8874
300, 264, 3.0697
300, 336, 3.1946
300, 338, 3.0175
301, 264, 2.1720
301, 300, 2.2708
301, 302, 2.1847
301, 338, 2.2826
301, 263, 2.8368
301, 265, 3.3190
301, 337, 3.0302
301, 339, 3.0024
302, 265, 2.1081
302, 301, 2.1847
302, 303, 2.2963
302, 339, 2.3136
302, 264, 2.8381
302, 266, 3.3822
302, 338, 3.1314
302, 340, 2.9494
303, 266, 2.1256
303, 302, 2.2963
303, 304, 2.1534
303, 340, 2.2405
303, 265, 3.2346
303, 267, 2.8600
303, 339, 3.2859
303, 341, 2.8822
304, 267, 2.3325
304, 303, 2.1534
304, 305, 2.3071
304, 341, 2.3494
304, 266, 3.3610
304, 268, 2.9279
304, 340, 3.2985
304, 342, 3.3472
305, 268, 2.2697
305, 304, 2.3071
305, 306, 2.1637
305, 342, 2.3534
305, 267, 2.9089
305, 269, 3.2584
305, 341, 3.0986
305, 343, 2.8461
306, 269, 2.3849
306, 305, 2.1637
306, 307, 2.3831
306, 343, 2.2212
306, 268, 3.0491
306, 270, 2.9755
306, 342, 2.9891
306, 344, 3.0542
307, 270, 2.0712
307, 306, 2.3831
307, 308, 2.1280
307, 344, 2.3136
307, 269, 2.8697
307, 271, 3.0743
307, 343, 2.8316
307, 345, 3.2441
308, 271, 2.0684
308, 307, 2.1280
308, 309, 2.2424
308, 345, 2.2664
308, 270, 3.0642
308, 272, 3.0317
308, 344, 3.3016
308, 346, 2.8761
309, 272, 2.1510
309, 308, 2.2424
309, 310, 2.2780
309, 346, 2.1372
309, 271, 2.9557
309, 273, 3.3332
309, 345, 3.2544
309, 347, 2.9027
310, 273, 2.1304
310, 309, 2.2780
310, 347, 2.2884
310, 272, 3.3891
310, 346, 2.8426
311, 274, 2.0010
311, 312, 2.1618
311, 348, 2.3433
311, 275, 3.3104
311, 349, 3.2931
312, 275, 2.0521
312, 311, 2.1618
312, 313, 2.1334
312, 349, 2.2608
312, 274, 3.2589
312, 276, 3.3596
312, 348, 3.0494
312, 350, 3.0785
313, 276, 2.0052
313, 312, 2.1334
313, 350, 2.2405
313, 275, 3.0946
313, 349, 3.3878
314, 277, 2.3469
314, 315, 2.0298
314, 351, 2.1425
314, 278, 3.3207
314, 352, 2.9450
315, 278, 2.3496
315, 314, 2.0298
315, 316, 2.1613
315, 352, 2.1445
315, 277, 3.3222
315, 279, 3.3472
315, 351, 3.2735
315, 353, 3.1369
316, 279, 2.1659
316, 315, 2.1613
316, 317, 2.2839
316, 353, 2.2100
316, 278, 2.8891
316, 280, 3.1683
316, 352, 3.1588
316, 354, 2.9531
317, 280, 2.3128
317, 316, 2.2839
317, 318, 2.2730
317, 354, 2.1337
317, 279, 3.1315
317, 281, 3.3870
317, 353, 3.2185
317, 355, 3.3800
318, 281, 2.0261
318, 317, 2.2730
318, 319, 2.2823
318, 355, 2.2396
318, 280, 2.9436
318, 282, 3.2169
318, 354, 2.9253
318, 356, 3.3053
319, 282, 2.0868
319, 318, 2.2823
319, 320, 2.1960
319, 356, 2.1038
319, 281, 3.1205
319, 283, 2.9932
319, 355, 2.9438
319, 357, 3.3473
320, 283, 2.3347
320, 319, 2.1960
320, 321, 2.3096
320, 357, 2.3204
320, 282, 3.0923
320, 284, 3.1161
320, 356, 2.9012
320, 358, 3.0170
321, 284, 2.0851
321, 320, 2.3096
321, 322, 2.1356
321, 358, 2.0902
321, 283, 2.8941
321, 285, 3.3660
321, 357, 3.3922
321, 359, 2.9572
322, 285, 2.3781
322, 321, 2.1356
322, 323, 2.1089
322, 359, 2.1394
322, 284, 3.1226
322, 286, 3.3885
322, 358, 3.0362
322, 360, 3.1343
323, 286, 2.2306
323, 322, 2.1089
323, 360, 2.2195
323, 285, 3.1093
323, 359, 2.8887
324, 287, 2.2456
324, 325, 2.1942
324, 361, 2.1501
324, 288, 3.1475
324, 362, 3.1307
325, 288, 2.2905
325, 324, 2.1942
325, 326, 2.3048
325, 362, 2.2283
325, 287, 2.9133
325, 289, 3.2151
325, 361, 2.9201
325, 363, 2.9396
326, 289, 2.2501
326, 325, 2.3048
326, 327, 2.0121
326, 363, 2.1965
326, 288, 2.9109
326, 290, 3.3734
326, 362, 2.8946
326, 364, 3.1416
327, 290, 2.0569
327, 326, 2.0121
327, 328, 2.1476
327, 364, 2.1655
327, 289, 3.2095
327, 291, 2.8798
327, 363, 3.0012
327, 365, 3.0376
328, 291, 2.1055
328, 327, 2.1476
328, 329, 2.1167
328, 365, 2.3495
328, 290, 3.1512
328, 292, 3.2059
328, 364, 3.1922
328, 366, 3.2534
329, 292, 2.0613
329, 328, 2.1167
329, 330, 2.3275
329, 366, 2.3240
329, 291, 3.2123
329, 293, 3.0454
329, 365, 3.0489
329, 367, 2.8534
330, 293, 2.2037
330, 329, 2.3275
330, 331, 2.0097
330, 367, 2.3487
330, 292, 3.2706
330, 294, 3.0114
330, 366, 3.3409
330, 368, 3.0077
331, 294, 2.2282
331, 330, 2.0097
331, 332, 2.3044
331, 368, 2.2596
331, 293, 3.2537
331, 295, 3.1952
331, 367, 3.2940
331, 369, 3.3101
332, 295, 2.0029
332, 331, 2.3044
332, 333, 2.1109
332, 369, 2.0458
332, 294, 2.9803
332, 296, 3.3141
332, 368, 3.1731
332, 370, 2.9168
333, 296, 2.1107
333, 332, 2.1109
333, 334, 2.0213
333, 370, 2.1502
333, 295, 2.9441
333, 297, 3.0500
333, 369, 3.3578
333, 371, 2.9434
334, 297, 2.1130
334, 333, 2.0213
334, 335, 2.1719
334, 371, 2.2014
334, 296, 3.0498
334, 298, 2.9016
334, 370, 2.9417
334, 372, 3.1834
335, 298, 2.1508
335, 334, 2.1719
335, 336, 2.0075
335, 372, 2.3271
335, 297, 2.9867
335, 299, 3.3009
335, 371, 3.0195
335, 373, 2.9286
336, 299, 2.1071
336, 335, 2.0075
336, 337, 2.1091
336, 373, 2.2711
336, 298, 2.9147
336, 300, 3.1946
336, 372, 3.0816
336, 374, 3.3360
337, 300, 2.0972
337, 336, 2.1091
337, 338, 2.1135
337, 374, 2.2232
337, 299, 2.9250
337, 301, 3.0302
337, 373, 2.9969
337, 375, 3.3630
338, 301, 2.2826
338, 337, 2.1135
338, 339, 2.3025
338, 375, 2.2304
338, 300, 3.0175
338, 302, 3.1314
338, 374, 3.0751
338, 376, 3.2867
339, 302, 2.3136
339, 338, 2.3025
339, 340, 2.2487
339, 376, 2.1447
